Results
.523                                                                                                                                                                                                                 
0.9729368999999999                                                                                                                                                                                                                                   
0.10268968561172144                                                                                                                                                                                                                                  
0.3593636049146803                                                                                                                                                                                                                                   
0.897863477071883                                                                                                                                                                                                                                    
0.35764814908785786                                                                                                                                                                                                                                  
0.8959702071133603                                                                                                                                                                                                                                   
0.36350962080654997                                                                                                                                                                                                                                  
0.9023444679117499                                                                                                                                                                                                                                   
0.34366382364916226                                                                                                                                                                                                                                  
0.879680099859599                                                                                                                                                                                                                                    
                       .766                                                                                                                                                                                                                 
0.51801516                                                                                                                                                                                                                                           
0.7215620620894041                                                                                                                                                                                                                                   
0.5806306301373771                                                                                                                                                                                                                                   
0.703711247287747                                                                                                                                                                                                                                    
0.6025699931352794                                                                                                                                                                                                                                   
0.6920954559087811                                                                                                                                                                                                                                   
0.6158570805174809                                                                                                                                                                                                                                   
0.6837079256235616                                                                                                                                                                                                                                   
0.6249665404023241                                                                                                                                                                                                                                   
0.6773679213238367       gi       